425
508
2356
3519
2146
2432
767
4325
949
1701
3634
614
127
2928
2556
4392
67
2089
2393
2206
187
4117
3697
1339
3293
4846
405
3102
3339
652
3149
3285
3371
4618
4240
3068
1789
3903
1373
650
4614
4856
305
1478
4643
1370
995
1617
491
1359
1010
4398
2708
4613
2911
1308
1811
1017
227
2299
2027
2664
987
297
3552
349
2243
509
3688
4488
2604
1163
716
1744
2592
331
3812
2219
1696
1923
3852
3787
2612
1981
4641
3750
577
3757
1707
2932
1257
772
3677
4074
3622
1950
3870
8
2925
4294
4127
486
2929
1002
3754
4847
3682
965
2022
2580
2495
4592
4321
3304
3447
3239
53
4005
655
4802
4772
3485
3801
756
3231
1832
2486
1642
3121
642
1461
3804
4293
2402
2796
3366
859
1610
3226
4794
68
4611
1735
4126
438
1665
1451
374
628
384
1897
4864
4352
3123
4521
642
1684
2173
2771
1922
2362
2041
2844
1381
1119
3690
299
1919
508
81
2380
3443
779
861
4734
162
1751
4675
319
1566
382
2113
1015
2737
3745
1597
4451
1170
2880
2154
1682
3686
3838
1304
2433
3027
1768
355
3007
1747
1367
4531
4865
547
3003
3453
4085
3492
3388
4360
3891
2009
1854
1205
1541
249
1027
107
2636
4522
4238
4128
4039
3354
3398
3694
4604
4474
3427
1708
3393
1396
1668
3571
200
850
2248
468
4734
292
2512
960
2782
3520
3263
4673
1832
2634
4763
2184
2000
1661
2719
3485
2509
2238
493
1511
2149
4309
3848
4610
65
1681
967
2495
342
3283
1005
691
3001
559
373
2344
2011
3279
1347
520
91
3725
1862
1971
4711
1244
4707
1732
3677
3183
1063
2962
358
737
3319
425
1443
2901
895
1101
2553
768
4332
3549
1629
4073
4182
1442
1289
375
1474
4229
891
4973
1420
3424
2448
1878
4899
3821
1973
4235
3818
2158
2221
3043
333
2265
2240
4948
902
4109
2385
246
2966
4322
4392
3313
342
639
2061
3266
444
3302
1709
1833
2071
385
4316
4895
2977
4565
3002
2073
4128
3317
1950
2174
1328
3586
3740
1917
4202
1341
4473
2365
1845
646
2007
2097
4031
4134
1536
4261
1760
3707
3792
516
450
388
973
4948
2949
2344
1971
1337
1108
312
1118
4649
2373
2219
1985
1756
1898
144
4063
4102
3829
4344
4987
1426
3377
2219
865
3842
3029
3741
313
421
4525
1434
1724
941
2614
3791
3968
1858
4369
3136
1257
1534
4527
2358
4724
1812
2150
4779
2363
1617
4643
4689
1687
1106
401
4547
1572
730
1480
3129
3307
2367
4998
698
124
939
495
1045
4142
3107
1176
2206
4733
693
3087
3454
1899
1020
2494
4052
1693
3249
1379
3696
777
4835
4747
619
540
3067
2220
3238
378
1240
4829
3890
1535
3829
2234
3786
1318
1105
638
4255
441
2438
4956
994
3018
1946
2648
552
3236
2428
1437
58
988
1303
4920
289
1191
4876
505
1076
888
2937
1828
3493
864
4196
1920
3069
3785
3708
2734
588
2612
2123
3255
3339
4878
3753
2600
3594
419
1668
3
2950
4803
4771
2902
232
3909
1946
2595
1442
601
4561
3368
2503
611
1464
131
3821
27
4579
1767
4528
4693
850
2446
3865
3047
1582
410
2438
2276
1911
658
4219
2935
3877
3689
1093
1295
1688
4160
1840
1113
1293
4986
3050
3755
752
2728
3415
3622
3778
3567
839
4901
475
3256
3953
2325
4037
2185
2327
1536
158
4165
3690
3904
4148
4568
1733
2774
4038
2527
3339
420
4927
3415
3400
863
4395
111
2295
3854
1995
3815
3497
3344
4819
4318
2461
621
4736
3767
2257
4502
1833
304
956
2127
1297
4146
4606
1184
995
641
4584
1252
228
419
4973
2059
4856
3090
2929
3927
4889
3473
4541
1342
669
346
4085
4830
2107
1112
3038
271
270
3836
3586
4624
2459
1274
4566
250
504
1112
2859
1355
4230
2246
3116
4400
4344
402
765
1646
838
3330
4613
3360
762
4613
1459
951
62
4776
4076
4882
2602
4314
982
1391
1833
350
4600
3582
3524
2680
3423
3778
614
3187
2112
3423
2230
4684
486
1706
347
1393
4432
1940
4223
227
3862
2846
4814
3615
189
728
2035
2976
3752
4916
1264
1725
2568
3994
802
2182
3121
3158
4907
836
2746
2575
2502
3036
3721
377
4291
2371
4535
1210
4881
4042
2168
1607
1488
1755
3768
4909
2491
2696
1743
2638
4435
2195
2159
505
2117
1491
904
3165
3271
1275
2033
3388
2480
1287
344
1779
4893
4812
1437
4664
3440
2542
35
2222
4557
962
2507
4047
3414
3212
667
2212
4092
109
3140
307
878
3217
3259
2800
1467
1371
2939
3607
2010
3780
4126
201
1411
1990
17
2679
1259
2079
4198
1893
2160
4937
947
1156
3984
1857
4750
60
608
4820
4295
2372
3147
38
902
1676
1553
3636
3197
2069
4602
1428
212
778
1835
2306
2636
1425
3195
2988
953
2014
911
1247
3146
940
2271
2104
3816
4609
1621
2880
3000
2189
4484
1755
2054
1374
1088
3340
1127
2622
3881
2129
2291
733
4725
169
4320
1678
4220
3325
1864
2619
3868
2282
1461
1900
1891
4961
4405
4448
4820
3588
449
1723
3428
3023
1294
80
252
1263
337
4855
1862
3330
3132
3781
3956
2414
1215
2102
2784
2138
389
3295
1016
381
3321
2202
294
154
4482
1127
3935
1678
2802
294
1681
568
2305
1703
3875
4240
1426
2958
2989
2009
758
538
4149
2680
2944
4477
3746
2303
1665
2682
3199
2153
707
3047
4702
4091
4786
99
1780
4210
920
184
529
2839
2100
3388
109
4512
3227
3543
713
2431
307
4007
4623
2783
3052
2614
2209
6
2380
1633
13
121
2095
4527
4861
4257
2000
4783
4454
1328
1179
3779
1089
574
10
1311
580
4556
4368
4234
4075
3121
1969
768
1847
1699
3423
1919
1039
2173
2889
1775
1830
